// solution (optimal) with objective 46.75
// Quality Incumbent solution:
// MILP objective                                4.6750000000e+001
// MILP solution norm |x| (Total, Max)           1.39132e+003 9.90000e+001
// MILP solution error (Ax=b) (Total, Max)       1.17737e-011 1.13687e-013
// MILP x bound error (Total, Max)               0.00000e+000 0.00000e+000
// MILP x integrality error (Total, Max)         0.00000e+000 0.00000e+000
// MILP slack bound error (Total, Max)           0.00000e+000 0.00000e+000
//

x = [[[0
                 0 0 0 0 0]
                 [0 0 0 0 0 1]
                 [0 0 0 0 0 0]
                 [0 0 0 0 0 0]
                 [0 0 0 0 0 0]
                 [0 0 0 0 0 0]
                 [0 0 0 0 0 0]
                 [0 1 0 0 0 0]
                 [0 0 0 0 0 0]
                 [1 0 0 0 0 0]
                 [0 0 0 0 0 0]
                 [0 0 0 0 0 0]
                 [0 0 0 0 0 0]
                 [0 0 1 1 1 0]]
             [[0 0 0 0 0 0]
                 [0 0 0 0 0 0]
                 [0 0 0 0 0 0]
                 [0 0 0 0 0 1]
                 [0 0 0 0 0 0]
                 [0 0 0 0 0 0]
                 [0 0 0 0 0 0]
                 [0 0 0 0 0 0]
                 [0 0 0 0 0 0]
                 [0 0 0 0 0 0]
                 [0 0 0 0 0 0]
                 [0 0 0 0 0 0]
                 [0 0 0 0 0 0]
                 [0 0 0 0 0 0]]
             [[0 0 0 0 0 0]
                 [0 0 0 0 0 0]
                 [0 0 0 0 0 0]
                 [0 0 0 0 0 0]
                 [0 0 0 0 0 0]
                 [0 0 0 0 0 0]
                 [0 0 0 0 0 0]
                 [0 0 0 0 0 0]
                 [0 0 0 0 1 0]
                 [0 0 0 0 0 0]
                 [0 0 0 0 0 0]
                 [0 0 0 0 0 0]
                 [0 0 0 0 0 0]
                 [0 0 0 0 0 0]]
             [[0 0 0 0 0 0]
                 [0 0 0 0 0 0]
                 [0 0 0 0 0 0]
                 [0 0 0 0 0 0]
                 [0 0 0 0 0 0]
                 [0 0 0 0 0 0]
                 [0 0 0 0 0 0]
                 [0 0 0 0 0 0]
                 [0 0 0 0 0 0]
                 [0 0 0 0 0 0]
                 [0 0 0 0 0 0]
                 [0 0 0 0 0 0]
                 [0 0 0 0 0 0]
                 [0 0 0 0 0 1]]
             [[0 0 0 0 0 0]
                 [0 0 0 0 0 0]
                 [0 0 0 0 0 0]
                 [0 0 0 0 0 0]
                 [0 0 0 0 0 0]
                 [0 1 0 0 0 0]
                 [0 0 0 0 0 0]
                 [0 0 0 0 0 0]
                 [0 0 0 0 0 0]
                 [0 0 0 0 0 0]
                 [0 0 0 0 0 0]
                 [0 0 0 0 0 0]
                 [0 0 0 0 0 0]
                 [0 0 0 0 0 0]]
             [[0 0 0 0 0 0]
                 [0 0 0 0 0 0]
                 [0 0 0 0 0 0]
                 [0 0 0 0 0 0]
                 [0 0 0 0 0 0]
                 [0 0 0 0 0 0]
                 [0 0 0 0 0 0]
                 [0 0 0 0 0 0]
                 [0 0 0 0 0 0]
                 [0 0 0 0 0 0]
                 [0 0 0 0 0 0]
                 [0 0 0 0 0 0]
                 [0 1 0 0 0 0]
                 [0 0 0 0 0 0]]
             [[0 0 0 0 0 0]
                 [0 0 0 0 0 0]
                 [0 0 0 0 0 0]
                 [0 0 0 0 0 0]
                 [0 0 0 0 0 0]
                 [0 0 0 0 0 0]
                 [0 0 0 0 0 0]
                 [0 0 0 0 0 0]
                 [0 0 0 0 0 0]
                 [0 0 0 0 0 0]
                 [1 0 0 0 0 0]
                 [0 0 0 0 0 0]
                 [0 0 0 0 0 0]
                 [0 0 0 0 0 0]]
             [[0 0 0 0 0 0]
                 [0 0 0 0 0 0]
                 [0 0 0 0 0 0]
                 [0 0 0 0 0 0]
                 [0 1 0 0 0 0]
                 [0 0 0 0 0 0]
                 [0 0 0 0 0 0]
                 [0 0 0 0 0 0]
                 [0 0 0 0 0 0]
                 [0 0 0 0 0 0]
                 [0 0 0 0 0 0]
                 [0 0 0 0 0 0]
                 [0 0 0 0 0 0]
                 [0 0 0 0 0 0]]
             [[0 0 0 0 0 0]
                 [0 0 0 0 0 0]
                 [0 0 0 0 1 0]
                 [0 0 0 0 0 0]
                 [0 0 0 0 0 0]
                 [0 0 0 0 0 0]
                 [0 0 0 0 0 0]
                 [0 0 0 0 0 0]
                 [0 0 0 0 0 0]
                 [0 0 0 0 0 0]
                 [0 0 0 0 0 0]
                 [0 0 0 0 0 0]
                 [0 0 0 0 0 0]
                 [0 0 0 0 0 0]]
             [[0 0 0 0 0 0]
                 [0 0 0 0 0 0]
                 [0 0 0 0 0 0]
                 [0 0 0 0 0 0]
                 [0 0 0 0 0 0]
                 [0 0 0 0 0 0]
                 [0 0 0 0 0 0]
                 [0 0 0 0 0 0]
                 [0 0 0 0 0 0]
                 [0 0 0 0 0 0]
                 [0 0 0 0 0 0]
                 [1 0 0 0 0 0]
                 [0 0 0 0 0 0]
                 [0 0 0 0 0 0]]
             [[0 0 0 0 0 0]
                 [0 0 0 0 0 0]
                 [0 0 0 0 0 0]
                 [0 0 0 0 0 0]
                 [0 0 0 0 0 0]
                 [0 0 0 0 0 0]
                 [0 0 0 0 0 0]
                 [0 0 0 0 0 0]
                 [0 0 0 0 0 0]
                 [0 0 0 0 0 0]
                 [0 0 0 0 0 0]
                 [0 0 0 0 0 0]
                 [0 0 0 0 0 0]
                 [1 0 0 0 0 0]]
             [[0 0 0 0 0 0]
                 [0 0 0 0 0 0]
                 [0 0 0 0 0 0]
                 [0 0 0 0 0 0]
                 [0 0 0 0 0 0]
                 [0 0 0 0 0 0]
                 [1 0 0 0 0 0]
                 [0 0 0 0 0 0]
                 [0 0 0 0 0 0]
                 [0 0 0 0 0 0]
                 [0 0 0 0 0 0]
                 [0 0 0 0 0 0]
                 [0 0 0 0 0 0]
                 [0 0 0 0 0 0]]
             [[0 0 0 0 0 0]
                 [0 0 0 0 0 0]
                 [0 0 0 0 0 0]
                 [0 0 0 0 0 0]
                 [0 0 0 0 0 0]
                 [0 0 0 0 0 0]
                 [0 0 0 0 0 0]
                 [0 0 0 0 0 0]
                 [0 0 0 0 0 0]
                 [0 0 0 0 0 0]
                 [0 0 0 0 0 0]
                 [0 0 0 0 0 0]
                 [0 0 0 0 0 0]
                 [0 1 0 0 0 0]]
             [[0 0 0 0 0 0]
                 [0 0 0 0 0 0]
                 [0 0 0 0 0 0]
                 [0 0 0 0 0 0]
                 [0 0 0 0 0 0]
                 [0 0 0 0 0 0]
                 [0 0 0 0 0 0]
                 [0 0 0 0 0 0]
                 [0 0 0 0 0 0]
                 [0 0 0 0 0 0]
                 [0 0 0 0 0 0]
                 [0 0 0 0 0 0]
                 [0 0 0 0 0 0]
                 [0 0 0 0 0 0]]];
w = [[39 32 0 0 37 51]
             [0 0 0 0 0 80.55]
             [0 0 0 0 82.78 0]
             [0 0 0 0 0 89.04]
             [0 68.6 0 0 0 0]
             [0 77.09 0 0 0 0]
             [62.55 0 0 0 0 0]
             [0 62.6 0 0 0 0]
             [0 0 0 0 82.78 0]
             [49.83 0 0 0 0 0]
             [98.993 0 0 0 0 0]
             [54.06 0 0 0 0 0]
             [0 89.45 0 0 0 0]
             [99 90 0 0 37 90]];
